6 4
0.000050
0.499976
0.499974
0.000000
2.076201 0.323965 -18.522998 -475.718416 -680.038610 4844.917406 42.477876 34.815898 -30.548227 -19.113321 -17.113123 -3.153648 -39.384429 73.600156 35.715636 21170.573137 -33980.275034 -9072.362376 -81.913063 26.184827 114.012447 19931.107097 -8472.486095 -9674.113643
26.265857 3.961797 257.067830 0.000000 0.000000 0.000000 3.961797 0.597576 38.774695 0.000000 0.000000 0.000000 257.067830 38.774695 37596.241080 0.000000 0.000000 0.000000 -10037.047741 -1513.932993 -385124.048325 0.000000 0.000000 0.000000 5660.760256 853.837875 1069363.974917 0.000000 0.000000 0.000000 -67571.940139 -10192.179065 -9861305.807055 0.000000 0.000000 0.000000
33.338070 66.634934 0.374451 0.000000 0.000000 0.000000 66.634934 921.749279 1096.360373 0.000000 0.000000 0.000000 0.374451 1096.360373 1736.986539 0.000000 0.000000 0.000000 -12.750705 147.604393 285.603833 0.000000 0.000000 0.000000 -19.656781 -81.097223 -28.920585 0.000000 0.000000 0.000000 -8.368940 -208.441694 -292.450165 0.000000 0.000000 0.000000
153.736639 976.972378 -164.568305 0.000000 0.000000 0.000000 976.972378 6695.208638 -1788.360564 0.000000 0.000000 0.000000 -164.568305 -1788.360564 1390.080057 0.000000 0.000000 0.000000 11914.673979 122489.038688 -85261.987826 0.000000 0.000000 0.000000 -436273.191902 -2924017.184962 690803.223222 0.000000 0.000000 0.000000 -6583.820961 72379.871466 -181627.605946 0.000000 0.000000 0.000000
38466.103191 -12262.725682 11249.489945 0.000000 0.000000 0.000000 -12262.725682 3909.321900 -3557.081175 0.000000 0.000000 0.000000 11249.489945 -3557.081175 45876.380157 0.000000 0.000000 0.000000 -11803585.609616 3761801.252613 -5058228.201625 0.000000 0.000000 0.000000 2770559.235642 -883786.999078 14566.871046 0.000000 0.000000 0.000000 -288260.786805 89721.017722 -3259631.095280 0.000000 0.000000 0.000000
