6 4
0.000000
1.000000
0.000000
0.000000
-465.995821 636.239690 -818.249081 1432151.779079 -396486.739577 2825476.158038 -185.453272 323.300377 212.664970 99.631898 -54.356602 -45.111357 169.915925 -210.496903 -814.470157 -929924.262124 3232765.616825 7332766.507967 -0.952838 4.287038 1210.689131 -1207202.927186 877475.115846 -1619326.639805
1085023.241671 -955488.950413 1049211.090071 0.000000 0.000000 0.000000 -955488.950413 5368009.160173 -8297438.065436 0.000000 0.000000 0.000000 1049211.090071 -8297438.065436 13025452.666021 0.000000 0.000000 0.000000 -3155388815.424340 4323861388.072900 -5568220265.278171 0.000000 0.000000 0.000000 779388208.423335 -1921160077.052822 2765092838.950888 0.000000 0.000000 0.000000 -3928205261.655466 26284937323.311172 -40979949222.388184 0.000000 0.000000 0.000000
50586.779380 -171526.774995 -159480.640472 0.000000 0.000000 0.000000 -171526.774995 700384.594587 825302.134922 0.000000 0.000000 0.000000 -159480.640472 825302.134922 1185058.367502 0.000000 0.000000 0.000000 -47521.392494 216752.594831 283177.808822 0.000000 0.000000 0.000000 22374.347805 -73829.361136 -65600.868455 0.000000 0.000000 0.000000 33176.894436 -158792.282549 -215578.168289 0.000000 0.000000 0.000000
1713434.789566 -523590.635306 -304675.850776 0.000000 0.000000 0.000000 -523590.635306 332387.582266 946117.312356 0.000000 0.000000 0.000000 -304675.850776 946117.312356 4275060.840956 0.000000 0.000000 0.000000 -9567285356.258644 2903084791.699985 1599866025.911245 0.000000 0.000000 0.000000 8452633659.822300 -5185987577.642649 -14383343508.179125 0.000000 0.000000 0.000000 2775773708.109994 -8524458052.402493 -38477119329.301926 0.000000 0.000000 0.000000
0.001972 0.871880 79.089821 0.000000 0.000000 0.000000 0.871880 669.084304 30253.078418 0.000000 0.000000 0.000000 79.089821 30253.078418 13335406.862780 0.000000 0.000000 0.000000 -78819.387662 -29895086.550875 -13377023299.556337 0.000000 0.000000 0.000000 54318.440553 19059299.453554 9756446788.463232 0.000000 0.000000 0.000000 -104526.082758 -39277837.115362 -17869576675.531979 0.000000 0.000000 0.000000
